8.546343e-02
7.539676e-02
8.553446e-02
8.544848e-02
8.561790e-02
8.546686e-02
7.560474e-02
7.548384e-02
8.545467e-02
6.572537e-02
7.561183e-02
9.578429e-02
8.565474e-02
7.545486e-02
8.544405e-02
7.547617e-02
9.545733e-02
7.549012e-02
9.553976e-02
7.561320e-02

7.545769e-02
8.549406e-02
8.577671e-02
6.552573e-02
7.555931e-02
7.545939e-02

7.559337e-02
6.547235e-02
9.577308e-02
7.543454e-02
8.552262e-02
9.542025e-02
9.548443e-02
7.543149e-02
8.548840e-02
8.547053e-02
6.556668e-02
9.558145e-02
7.550680e-02
8.547796e-02
7.548913e-02
7.563346e-02
8.546481e-02
8.549658e-02
9.550454e-02
8.552508e-02
8.544545e-02
8.574093e-02
8.556616e-02
8.539649e-02

9.548216e-02
8.547917e-02
9.549473e-02
8.542637e-02
7.547462e-02
8.558595e-02
8.552056e-02
7.565921e-02
7.564984e-02
9.544884e-02
8.544850e-02
8.554239e-02
7.570871e-02


9.554769e-02
9.550030e-02
8.546041e-02
8.546040e-02
7.554366e-02
9.547427e-02
8.562480e-02
7.560017e-02
7.570235e-02
7.558861e-02
9.549485e-02
6.569018e-02
9.547832e-02
8.549809e-02
8.562657e-02
8.543662e-02
8.571840e-02
9.554756e-02
9.546197e-02
8.558800e-02
8.547584e-02
7.546460e-02
9.550939e-02
9.548325e-02
9.551762e-02
7.543492e-02
8.554774e-02
7.551547e-02
8.571509e-02

8.546132e-02
6.545311e-02
9.560020e-02
9.548567e-02

7.549653e-02
9.542270e-02
8.547459e-02
8.556585e-02
8.545785e-02
7.551987e-02
9.548714e-02
8.543714e-02
7.553258e-02
9.551956e-02
7.557451e-02
8.550751e-02
7.554681e-02
9.559959e-02
9.552571e-02
8.551039e-02
7.552283e-02
8.550992e-02
8.562324e-02
8.569397e-02
9.549451e-02
8.556774e-02
9.559202e-02
9.550090e-02
7.549413e-02
9.544862e-02
7.542339e-02
9.570763e-02
8.543761e-02
7.554119e-02
9.548322e-02
8.574081e-02
8.547668e-02
7.552670e-02

7.543571e-02
9.565529e-02

8.555001e-02
9.544019e-02
8.552865e-02
8.550382e-02
8.545860e-02
7.557177e-02
7.561410e-02
7.556150e-02
8.547953e-02
8.547569e-02
9.543908e-02
7.562401e-02
8.551480e-02
6.546282e-02
9.552723e-02
6.568968e-02
8.567604e-02
9.548258e-02
6.561775e-02
8.543445e-02
9.544661e-02
9.565597e-02
7.549161e-02
8.552815e-02
7.554010e-02
9.574755e-02
8.547197e-02
7.565636e-02
7.549790e-02
8.544680e-02
9.547472e-02
7.554158e-02
8.547265e-02
8.555229e-02
8.560230e-02

8.551324e-02
9.548884e-02
8.555589e-02
8.552419e-02
8.544472e-02
7.543077e-02
7.557880e-02
8.542179e-02
9.558888e-02
6.553384e-02
8.554469e-02
8.555993e-02
7.554962e-02
9.550655e-02
7.564158e-02
7.560452e-02
7.558110e-02
9.558154e-02
7.555902e-02
8.551745e-02
7.548922e-02
9.552397e-02
7.547248e-02
7.540979e-02
7.545352e-02
8.562462e-02
8.556860e-02
9.553570e-02
8.556612e-02
8.554500e-02
7.548949e-02
8.558164e-02
7.544621e-02
8.558179e-02
7.541858e-02
6.553489e-02
7.546117e-02

6.567324e-02
8.546954e-02
8.543908e-02
8.545041e-02
7.543865e-02

8.556757e-02
8.561317e-02
7.557006e-02
8.561458e-02
9.560315e-02
7.551183e-02
7.560825e-02
7.547545e-02
7.543828e-02
8.562558e-02
7.549784e-02
7.544526e-02
6.555811e-02
7.543729e-02
7.550919e-02
9.547148e-02
7.544932e-02
8.543431e-02
8.556104e-02
7.543118e-02
9.553759e-02
7.559766e-02
8.544071e-02
8.551500e-02
8.550937e-02
7.547391e-02
8.548026e-02
8.549355e-02
7.550729e-02
7.559244e-02
8.550114e-02
8.564747e-02

8.544264e-02
8.551421e-02
8.548687e-02
8.550401e-02
9.547445e-02
8.552354e-02
8.549418e-02
7.549642e-02

8.544628e-02
8.552912e-02
8.553388e-02
9.547621e-02
7.546506e-02
7.544127e-02
9.557904e-02
9.547744e-02
7.551484e-02

8.548692e-02
8.556088e-02
7.551200e-02
9.551601e-02
7.544956e-02
7.550955e-02
7.579915e-02
8.562702e-02
7.550559e-02
9.553986e-02
6.553874e-02
8.552745e-02
7.553496e-02
7.541431e-02

7.552983e-02
7.557026e-02

9.545246e-02


6.555990e-02


8.545949e-02
8.545995e-02
9.579748e-02

7.548317e-02
8.546679e-02
7.544944e-02
8.567396e-02
8.555998e-02
8.556558e-02
8.566541e-02
8.549761e-02
8.544211e-02
8.552224e-02
7.568978e-02
9.561650e-02
8.564819e-02
7.551394e-02

8.543734e-02
8.561984e-02
7.550139e-02
9.543038e-02
8.550840e-02
9.548613e-02
8.541543e-02
8.552129e-02
8.546754e-02
9.546459e-02
7.545595e-02
7.545819e-02
8.573130e-02
6.549358e-02
7.554559e-02

8.547134e-02
8.545142e-02
7.550982e-02
8.554315e-02
8.562179e-02
9.572220e-02
8.550205e-02
7.556621e-02
6.560718e-02
8.555996e-02

9.556350e-02
9.574145e-02
8.556036e-02
8.555581e-02
8.543571e-02
8.554725e-02
9.549087e-02
9.548828e-02
6.559064e-02
8.556566e-02
8.550418e-02
8.561000e-02
7.545041e-02
8.553213e-02
7.547335e-02
7.554160e-02
8.565469e-02
9.564323e-02
8.547590e-02
8.541470e-02
7.555095e-02
8.549927e-02
7.541068e-02
6.558432e-02
6.552531e-02
8.550311e-02
7.547049e-02
8.552442e-02
8.548986e-02
8.554312e-02
9.564232e-02
7.562153e-02
8.547554e-02
8.566882e-02
9.549078e-02
7.562003e-02
7.556043e-02
8.549181e-02
7.553625e-02
7.549540e-02
8.557371e-02
7.552018e-02
8.554087e-02

7.554483e-02
9.571529e-02
7.546648e-02
8.569015e-02
9.546683e-02
7.547684e-02
7.550408e-02

6.553237e-02
6.555404e-02
8.542615e-02
8.558969e-02
7.546410e-02
8.564540e-02
8.543165e-02
9.543305e-02
7.545019e-02
8.557318e-02
9.541861e-02
8.547976e-02
9.566070e-02
8.558055e-02
8.561557e-02
8.543345e-02
6.567655e-02
8.550486e-02
7.543017e-02
7.551639e-02
6.552667e-02
8.548619e-02
7.567851e-02
7.543688e-02
8.553700e-02
9.559679e-02
9.551878e-02
8.553722e-02
6.552678e-02
7.558083e-02
6.573022e-02
6.557705e-02
9.543802e-02
8.558402e-02
9.558636e-02
7.541759e-02
7.544875e-02
8.548543e-02
8.556554e-02
8.563084e-02
8.561168e-02
8.561755e-02
8.548408e-02
9.553532e-02
7.547231e-02
7.565250e-02
9.552202e-02
8.544606e-02
7.560326e-02

7.543763e-02
7.549925e-02
7.547628e-02

9.545767e-02
9.549479e-02
7.563760e-02
9.541854e-02
9.555448e-02
7.547379e-02
8.554026e-02
8.556004e-02
7.545175e-02
7.540156e-02
8.551233e-02
8.548076e-02

8.558176e-02
9.551307e-02
8.552286e-02
7.560775e-02
8.563575e-02
7.542118e-02
7.549679e-02
9.541524e-02
8.551956e-02
8.549240e-02
8.570330e-02
9.546221e-02
8.548631e-02
8.549657e-02
8.551273e-02
7.555087e-02
8.547145e-02
7.548004e-02
8.562187e-02
8.557097e-02
6.564197e-02
7.562435e-02
9.547643e-02
7.550540e-02
8.543030e-02
6.540664e-02
8.554921e-02
7.558147e-02
7.543531e-02
8.544649e-02
7.547890e-02
7.560795e-02
7.545593e-02
7.551546e-02
6.555387e-02
8.547852e-02
8.564146e-02
7.546568e-02
7.545920e-02
6.551166e-02
7.561467e-02
7.547587e-02
9.544856e-02
7.562531e-02
9.549371e-02
8.546130e-02
7.545681e-02
7.544840e-02
7.563561e-02
7.569334e-02
7.549704e-02
7.549317e-02
8.564903e-02

7.549772e-02
8.552102e-02
8.553523e-02
9.546329e-02
7.566058e-02
7.548904e-02
8.543615e-02
8.551908e-02
7.566501e-02
8.546781e-02
8.550796e-02
9.549937e-02
7.544647e-02
8.543377e-02
9.574626e-02
8.560616e-02
8.555650e-02
5.551687e-02
9.549852e-02
8.541799e-02
7.550012e-02
7.561365e-02
7.566638e-02

9.558039e-02
6.566497e-02
6.560375e-02
8.556213e-02
7.555023e-02
8.558654e-02


9.548308e-02
7.548490e-02
6.553896e-02
8.555600e-02
7.556749e-02
7.553035e-02
8.544137e-02
6.545965e-02

9.560538e-02
7.550009e-02
7.547920e-02
7.552673e-02
7.552864e-02
9.567812e-02
6.549311e-02
8.554876e-02
8.545957e-02
8.543383e-02
8.556201e-02
8.549885e-02
7.553700e-02
7.546504e-02
8.562554e-02
7.551660e-02
9.551068e-02
7.542491e-02
9.553074e-02
7.545991e-02
9.547807e-02
7.544321e-02
9.551888e-02
8.551718e-02
8.559079e-02
9.547675e-02
9.571217e-02
7.560644e-02
9.545790e-02
8.562713e-02
9.553153e-02
9.544314e-02
6.553882e-02
7.558998e-02
8.548249e-02
8.547827e-02
8.548694e-02
8.546903e-02
8.556525e-02
9.547286e-02
9.544628e-02
8.551502e-02
9.557467e-02
6.551000e-02
8.554803e-02
6.564876e-02
8.567567e-02
9.566565e-02
7.570038e-02
8.547435e-02
9.556072e-02
7.550707e-02
7.553601e-02
8.545762e-02
8.546395e-02
8.549312e-02
8.544535e-02
7.542714e-02
7.565853e-02
6.546866e-02
7.569439e-02
8.552051e-02
7.551182e-02
6.546268e-02
8.557872e-02

8.562631e-02

8.544185e-02
7.549184e-02
7.544076e-02
7.557911e-02
8.548211e-02
8.561830e-02
8.546624e-02
7.552159e-02
9.572037e-02
8.552835e-02
8.555695e-02
8.543258e-02
8.551837e-02
6.550099e-02
7.538354e-02
7.555675e-02
8.549392e-02
6.556513e-02

9.548884e-02
7.551164e-02
8.547344e-02
8.555376e-02
7.545380e-02
8.542942e-02
8.543164e-02
7.552058e-02
9.547597e-02
7.547865e-02
8.555713e-02
7.541957e-02

6.562075e-02
9.549286e-02
8.544815e-02
9.543194e-02
9.553426e-02
9.561979e-02
7.546423e-02
9.554757e-02
8.544701e-02
7.555418e-02
9.548886e-02

7.541581e-02
7.559686e-02

8.554331e-02
8.542352e-02
7.547702e-02
8.545087e-02
9.548112e-02

8.574177e-02
8.553819e-02
8.551140e-02
9.553157e-02
9.551039e-02
9.543410e-02
9.547695e-02
7.552782e-02
7.549723e-02
7.548702e-02
7.546689e-02
7.577309e-02

8.549019e-02
9.548682e-02
8.580056e-02
7.562197e-02
9.561778e-02
9.554038e-02
6.558353e-02

8.546111e-02
7.572870e-02
8.557494e-02
6.557388e-02
6.563668e-02
7.551023e-02
8.552412e-02
7.564190e-02
7.543843e-02
7.570068e-02
8.552536e-02
8.550969e-02
8.541265e-02
8.539939e-02
8.546571e-02
7.544929e-02
8.562207e-02
8.542032e-02
6.548212e-02
7.549822e-02
8.554812e-02
8.560496e-02
7.549622e-02
8.544949e-02
6.561325e-02
8.572413e-02
8.545518e-02
7.548580e-02
9.546680e-02

8.560352e-02
9.558158e-02
7.549151e-02
6.564270e-02
9.549840e-02
6.560234e-02
7.562680e-02
9.554038e-02
8.541007e-02

9.557300e-02
7.554389e-02
7.546261e-02
9.553405e-02
8.550913e-02
7.551808e-02
8.560275e-02
7.551659e-02
9.547780e-02
8.549083e-02
9.557585e-02
8.550694e-02
7.549377e-02

9.542704e-02
8.559482e-02
9.547392e-02
8.548961e-02
8.546475e-02
7.544208e-02
8.549384e-02
7.556995e-02
8.555080e-02
9.557240e-02
7.548747e-02
9.558840e-02
8.545564e-02
7.553208e-02
9.551087e-02
8.546312e-02
8.554932e-02

7.552025e-02
8.552591e-02
9.543409e-02
7.542351e-02
9.547360e-02
8.548952e-02
8.548766e-02
8.554747e-02

9.547397e-02

6.555070e-02
6.555705e-02

7.543483e-02
8.568115e-02
6.566725e-02
8.543292e-02
9.544243e-02
7.565789e-02
7.549166e-02

9.554819e-02
8.566638e-02
8.553207e-02
8.560685e-02
8.545629e-02
6.554778e-02
7.545904e-02
9.564170e-02
7.546639e-02
7.564798e-02
9.560585e-02
9.550313e-02
8.558579e-02
9.548612e-02
7.550076e-02
6.550302e-02
7.565844e-02
9.554970e-02
6.560398e-02
6.548518e-02
8.562640e-02
8.555017e-02
8.546762e-02
8.548260e-02
7.561992e-02
7.563575e-02
8.549877e-02
7.544086e-02
8.558501e-02
8.545624e-02
7.549944e-02
9.555662e-02
7.550573e-02
9.554857e-02

8.552892e-02
8.541959e-02
7.542703e-02
8.553416e-02
7.566198e-02
8.550924e-02
7.554020e-02
8.553165e-02
7.559247e-02
7.560545e-02
8.548178e-02

7.547325e-02
9.547151e-02
9.559839e-02
9.551205e-02
6.551023e-02
7.547148e-02
7.544219e-02
7.541983e-02
6.554143e-02
7.548772e-02
9.552569e-02
8.561445e-02
7.551086e-02
9.544478e-02
7.546334e-02
9.556697e-02
8.550405e-02
7.544943e-02
8.565440e-02
6.557036e-02
8.559857e-02
9.549922e-02
8.557934e-02
8.543098e-02
8.545604e-02
8.559748e-02

7.549515e-02
7.561185e-02
6.545513e-02
9.547576e-02
8.554822e-02
6.545410e-02
7.557706e-02
7.562173e-02

9.543090e-02
9.548880e-02
7.550401e-02
7.542981e-02
9.548849e-02
9.545343e-02
7.549926e-02
7.549354e-02
8.547366e-02
8.553548e-02
7.543657e-02
9.554285e-02
8.546940e-02
7.547602e-02
8.556833e-02
6.556082e-02
8.545251e-02
7.545266e-02

9.548312e-02
7.559697e-02
7.557582e-02
8.548538e-02
7.550471e-02
7.549591e-02
8.551570e-02
7.540455e-02
8.552298e-02

6.554938e-02
8.551979e-02
9.551302e-02
9.547923e-02
8.552793e-02
9.547910e-02
8.550639e-02
9.544460e-02
8.543090e-02
7.553641e-02
7.551946e-02
7.561199e-02
8.543718e-02
6.573840e-02
8.547772e-02
7.547298e-02
7.557638e-02
7.544554e-02
8.555670e-02
9.547606e-02
9.565158e-02
7.557362e-02
9.550644e-02
7.541176e-02
8.553585e-02
7.549639e-02
7.544126e-02
7.539710e-02
7.543130e-02
7.570322e-02
8.547932e-02
9.548731e-02
6.545337e-02
7.547867e-02
8.565124e-02
8.545669e-02
8.544318e-02
9.541738e-02
8.564689e-02

7.555521e-02
8.549054e-02
8.550796e-02
8.559362e-02
8.546206e-02
6.546081e-02

8.538494e-02

8.542734e-02
9.545054e-02
9.548185e-02
8.558656e-02
7.553192e-02
6.563373e-02
8.563216e-02
7.551003e-02
9.546309e-02
7.553886e-02

7.548958e-02
8.545963e-02
6.550343e-02
8.545142e-02
8.552345e-02
8.544764e-02
8.560126e-02
7.542465e-02
6.558377e-02
7.562416e-02
8.560237e-02
7.552061e-02
6.558001e-02
8.543109e-02
9.552170e-02
8.567329e-02
7.569844e-02
8.544383e-02
6.551692e-02
8.546712e-02
7.552256e-02
7.542787e-02
7.547410e-02
7.557025e-02
8.561567e-02
8.541828e-02
8.570124e-02
8.563994e-02
7.560085e-02
7.553661e-02
7.568049e-02
9.547023e-02
7.558798e-02
7.559227e-02

